8551912 [0]
95484048 [1]
50222940 [2]
83579089 [3]
28260484 [4]
22004522 [5]
59616625 [6]
20622329 [7]
71327492 [8]
95029897 [9]
72518959 [10]
38513887 [11]
29497607 [12]
54764115 [13]
22531187 [14]
20686136 [15]
60820158 [16]
46077136 [17]
22875081 [18]
6024172 [19]
79116656 [20]
36144265 [21]
36009720 [22]
56736356 [23]
96748133 [24]
3811986 [25]
97535656 [26]
35944136 [27]
55760345 [28]
90362016 [29]
33724452 [30]
44972427 [31]
24469944 [32]
28607685 [33]
94065689 [34]
52290808 [35]
93687286 [36]
23135778 [37]
6993791 [38]
63176482 [39]
45953846 [40]
25180968 [41]
65883355 [42]
175810 [43]
1655912 [44]
93205953 [45]
24894466 [46]
4603448 [47]
70581415 [48]
44794494 [49]
1558362 [50]
75603815 [51]
60248269 [52]
69287291 [53]
75872863 [54]
45019127 [55]
62960205 [56]
29637956 [57]
51039420 [58]
70174206 [59]
1182430 [60]
41181157 [61]
82352783 [62]
51885311 [63]
6221823 [64]
98502783 [65]
50575915 [66]
17848059 [67]
93741150 [68]
79288240 [69]
46076620 [70]
38919625 [71]
78341000 [72]
46162278 [73]
90150315 [74]
66679049 [75]
16396494 [76]
92066901 [77]
38227266 [78]
78298505 [79]
59600888 [80]
15952768 [81]
62376650 [82]
72994116 [83]
74800674 [84]
822645 [85]
47170638 [86]
95464392 [87]
38194557 [88]
35596188 [89]
6034221 [90]
49758157 [91]
15398321 [92]
58058371 [93]
87408442 [94]
3561945 [95]
92058671 [96]
43484411 [97]
13690384 [98]
54358841 [99]
