54 [0, 3, 18, 28, 98]
38 [1]
15 [2, 82, 87]
31 [4, 15, 27]
24 [5, 73]
16 [6, 31, 97]
52 [7]
43 [8]
47 [9, 72, 95]
50 [10, 53]
51 [11, 12, 32, 57, 76]
55 [13, 22, 77, 81]
19 [14]
28 [16, 51, 66, 88, 96]
36 [17, 19, 38, 84]
25 [20, 33]
62 [21, 39]
39 [23, 37, 80]
20 [24, 42]
53 [25, 64]
18 [26, 93]
34 [29, 78, 94]
26 [30, 68]
35 [34, 47, 49, 91]
45 [35, 99]
57 [36, 46, 60, 85]
44 [40]
56 [41]
30 [43, 61]
40 [44, 67]
49 [45, 52]
61 [48, 59, 74]
21 [50, 58]
59 [54]
64 [55]
22 [56, 89]
23 [62]
58 [63]
63 [65, 71]
65 [69]
46 [70, 83]
42 [75, 92]
48 [79]
37 [86]
33 [90]
