128 [0]
280 [1]
283 [2]
271 [3]
130 [4, 91]
207 [5, 74]
189 [6, 97]
344 [7]
192 [8]
137 [9]
261 [10]
233 [11]
223 [12]
363 [13]
402 [14]
322 [15]
125 [16]
300 [17]
245 [18]
290 [19, 42]
358 [20]
124 [21, 89]
413 [22, 90]
74 [23]
349 [24]
120 [25]
333 [26]
140 [27, 41]
368 [28]
171 [29]
213 [30]
177 [31]
179 [32, 75]
248 [33, 77]
238 [34]
266 [35, 58]
250 [36]
236 [37]
208 [38]
75 [39]
288 [40]
372 [43]
135 [44]
116 [45]
314 [46]
256 [47]
341 [48]
247 [49]
166 [50]
159 [51]
200 [52]
141 [53]
409 [54]
69 [55]
295 [56]
118 [57]
342 [59]
183 [60, 92]
81 [61]
382 [62]
149 [63]
318 [64]
91 [65, 71]
398 [66]
224 [67]
311 [68]
396 [69]
225 [70]
234 [72]
178 [73]
243 [76, 99]
394 [78]
89 [79]
239 [80]
369 [81]
371 [82]
205 [83]
275 [84]
221 [85]
308 [86]
325 [87]
199 [88]
332 [93]
172 [94]
336 [95]
362 [96]
267 [98]
